image_width: 320
image_height: 240
camera_name: narrow_stereo/left
camera_matrix:
  rows: 3
  cols: 3
  data: [218.23574,   0.     , 167.29461,
           0.     , 217.51602, 128.80127,
           0.     ,   0.     ,   1.     ]
distortion_model: plumb_bob
distortion_coefficients:
  rows: 1
  cols: 5
  data: [-0.413276, 0.160425, 0.003016, 0.000020, 0.000000]
rectification_matrix:
  rows: 3
  cols: 3
  data: [ 0.99914283,  0.0004978 , -0.04139276,
         -0.00004834,  0.99994104,  0.01085874,
          0.04139572, -0.01084743,  0.99908394]
projection_matrix:
  rows: 3
  cols: 4
  data: [191.88002,   0.     , 185.15701,   0.     ,
           0.     , 191.88002, 130.37146,   0.     ,
           0.     ,   0.     ,   1.     ,   0.     ]
