image_width: 320
image_height: 240
camera_name: narrow_stereo/left
camera_matrix:
  rows: 3
  cols: 3
  data: [ 291.68023,    0.     ,  175.29868,
            0.     ,  291.7432 ,  126.12508,
            0.     ,    0.     ,    1.     ]
distortion_model: plumb_bob
distortion_coefficients:
  rows: 1
  cols: 5
  data: [0.133877, -0.250954, -0.001552, -0.002429, 0.000000]
rectification_matrix:
  rows: 3
  cols: 3
  data: [ 0.99960852, -0.00098542,  0.02796149,
          0.00111171,  0.99998925, -0.00450133,
         -0.02795675,  0.00453065,  0.99959887]
projection_matrix:
  rows: 3
  cols: 4
  data: [ 303.49793,    0.     ,  167.48488,    0.     ,
            0.     ,  303.49793,  127.33084,    0.     ,
            0.     ,    0.     ,    1.     ,    0.     ]
