image_width: 320
image_height: 240
camera_name: narrow_stereo/right
camera_matrix:
  rows: 3
  cols: 3
  data: [ 290.47978,    0.     ,  177.33523,
            0.     ,  290.58931,  128.37763,
            0.     ,    0.     ,    1.     ]
distortion_model: plumb_bob
distortion_coefficients:
  rows: 1
  cols: 5
  data: [0.098293, -0.158254, 0.001346, 0.000113, 0.000000]
rectification_matrix:
  rows: 3
  cols: 3
  data: [ 0.99980128, -0.00059919,  0.019926  ,
          0.00050918,  0.99998965,  0.00452173,
         -0.01992851, -0.00451069,  0.99979123]
projection_matrix:
  rows: 3
  cols: 4
  data: [ 303.49793,    0.     ,  167.48488,  -17.73089,
            0.     ,  303.49793,  127.33084,    0.     ,
            0.     ,    0.     ,    1.     ,    0.     ]
