image_width: 320
image_height: 240
camera_name: narrow_stereo/right
camera_matrix:
  rows: 3
  cols: 3
  data: [219.89511,   0.     , 171.02572,
           0.     , 219.65994, 122.85348,
           0.     ,   0.     ,   1.     ]
distortion_model: plumb_bob
distortion_coefficients:
  rows: 1
  cols: 5
  data: [-0.388696, 0.115240, 0.003359, -0.001881, 0.000000]
rectification_matrix:
  rows: 3
  cols: 3
  data: [ 0.99971254, -0.00491717, -0.02346618,
          0.00466212,  0.99992961, -0.0109109 ,
          0.02351818,  0.01079836,  0.99966509]
projection_matrix:
  rows: 3
  cols: 4
  data: [191.88002,   0.     , 185.15701, -11.66866,
           0.     , 191.88002, 130.37146,   0.     ,
           0.     ,   0.     ,   1.     ,   0.     ]
